55.6611
89.8998
85.9034
96.1523
55.6611
89.8998
85.9034
96.1523
55.6611
89.8998
85.9034
96.1523
55.6611
89.8998
85.9034
96.1523
55.6611
89.8998
85.9034
96.1523
55.6611
89.8998
85.9034
96.1523
55.6611
89.8998
85.9034
96.1523
55.6611
89.8998
85.9034
96.1523
55.6611
89.8998
85.9034
96.1523
55.6611
89.8998
85.9034
96.1523
55.6611
89.8998
85.9034
96.1523
55.6611
89.8998
85.9034
96.1523
55.6611
89.8998
85.9034
96.1523
55.6611
89.8998
85.9034
96.1523
55.6611
89.8998
85.9034
96.1523
55.6611
89.8998
85.9034
96.1523
55.6611
89.8998
85.9034
96.1523
55.6611
89.8998
85.9034
96.1523
55.6611
89.8998
85.9034
96.1523
55.6611
89.8998
85.9034
96.1523
55.6611
89.8998
85.9034
96.1523
55.6611
89.8998
85.9034
96.1523
55.6611
89.8998
85.9034
96.1523
55.6611
89.8998
85.9034
96.1523
89.8998
85.9034
96.1523
90.9999
-1